20
2
0 0.771439 0.460897 0.0252206 4.97891 1.39193 3.17832 0.86664 2.36117 2.82182 1.99026 4.27492 4.20034 3.59724 1.54935 1.35102 3.99759 2.97044 4.05203 2.04247 1.46768 2.48783 0.74117 1.81218 0.159551 4.5871 3.2936 3.7545 0.633586 3.33186 4.70915 1.49038 4.92263 0.153549 3.30256 0.0991883 0.350669 4.78721 2.60383 2.75964 3.25931 
1 1.02571 0.615752 0.260038 4.78106 1.64111 2.76229 0.746157 2.34271 2.84949 1.82353 4.21579 4.40205 3.74616 2.18932 1.1638 3.48999 3.16259 3.72258 2.02986 1.28776 2.75099 0.664165 2.08822 0.155301 4.07751 3.16141 4.35685 0.39556 3.4303 4.94887 1.26926 4.67137 0.266907 3.20292 0.147533 1.01968 0.0459128 1.87395 2.77279 2.75639 
2 1.04672 0.664556 0.658349 4.40459 1.47353 2.62109 0.604057 2.33084 2.54373 1.86768 3.65362 4.35827 3.58256 2.45684 1.69308 3.71518 2.75473 3.91025 1.68097 1.75371 3.02451 1.10719 2.33196 0.246752 4.14452 3.55366 4.1778 0.468206 3.25261 0.187205 1.42809 4.77973 4.98625 3.20183 0.111709 0.594166 4.87875 1.71413 2.32227 3.0393 
3 0.872222 0.576632 0.497881 4.1646 1.46055 2.70862 0.433168 2.2667 2.23468 1.83738 4.38704 4.21667 3.27933 2.26332 1.42227 3.67483 2.59306 3.81491 1.14002 1.6572 2.97723 1.27393 2.49978 4.80989 3.85854 3.18051 4.00323 0.734999 3.37695 4.94814 1.53433 4.70874 4.90837 3.32717 0.0190837 0.0883865 4.91418 1.39606 2.40483 2.81391 
4 1.13014 0.701667 0.294546 3.69567 1.42086 2.67625 0.274697 1.78408 2.55171 1.84256 4.34395 4.18213 3.82856 2.0161 1.28353 3.64184 2.27299 3.78156 1.14979 1.75685 3.23652 1.27797 2.32735 0.217783 3.52015 3.35544 3.95842 0.39091 3.15079 4.92096 1.48315 4.7189 4.40646 3.12422 0.0498329 4.98711 4.44685 1.37996 2.62471 2.80718 
5 0.841697 0.734786 0.0838252 3.4975 1.41215 2.62569 0.291957 1.62292 2.17968 2.04753 4.30121 4.22263 3.37035 2.05335 0.984818 3.66016 2.21884 3.51258 1.15442 1.6822 3.22013 1.05616 2.54438 0.449977 3.83769 3.18436 4.00703 0.375295 2.96876 4.16871 1.69599 4.49198 4.58524 2.50523 0.48603 4.70043 4.16441 1.61847 2.65134 2.79157 
6 0.518595 0.965382 0.113059 3.34691 0.910724 2.60427 0.291613 1.87523 2.99096 1.75996 4.51443 4.28154 3.77357 2.51848 1.18847 3.48703 2.02948 3.82144 1.47789 1.87558 3.47122 0.651947 2.39621 1.11549 4.07003 3.35353 4.53173 0.826121 2.84512 4.28402 1.5905 4.99515 4.73529 2.55512 0.433129 4.96819 4.04627 1.57612 2.91943 2.768 
7 0.499412 0.424074 4.49329 3.57155 0.945232 2.7205 0.794864 1.46215 3.35074 2.01279 4.47778 4.5765 3.99724 2.7338 1.13002 3.76058 2.16269 3.72263 1.70776 1.87903 3.28772 0.949941 2.59325 1.46699 3.63286 3.59291 4.52831 0.487334 3.32546 4.50543 1.37731 0.104379 4.91165 2.55016 0.496929 4.53502 4.4822 1.44172 2.9189 2.86172 
8 0.65607 0.477383 0.0993951 3.42988 0.527778 2.57486 1.09549 1.60367 3.75561 1.48921 4.38893 0.136849 3.34018 2.81649 1.11517 3.72283 2.4016 3.92987 2.10854 1.9007 3.0839 0.733121 2.94299 2.00873 3.70429 3.75922 4.61303 1.04299 3.2889 4.66777 1.83482 4.90543 4.2638 2.18745 0.405102 4.22121 0.124228 1.72902 2.48499 3.02025 
9 0.662617 0.483351 4.88344 3.02861 0.766587 2.61985 0.835611 1.51809 3.62357 1.09372 4.78078 0.290389 2.82587 2.86598 0.698435 3.61977 2.45862 3.83861 1.79503 2.13545 2.56328 0.369368 2.89124 1.98067 3.67942 3.94929 4.89164 1.27617 3.82626 4.98999 1.76855 4.8667 3.75535 3.02627 0.592762 4.52005 0.0371409 2.13236 1.90608 3.15649 
10 1.20879 0.309345 4.76686 2.98767 0.873207 2.30661 0.755988 1.24025 3.56575 0.730614 0.0628062 0.348866 2.55773 2.71404 0.624285 3.48605 2.35048 4.15649 1.67611 1.61951 3.04912 4.65018 2.83094 1.59026 3.7379 3.80876 4.35748 1.21603 4.09161 4.62969 2.00265 0.191018 3.8449 2.71348 0.734868 4.40461 0.0982503 1.85627 1.74101 3.34867 
11 1.21006 0.418473 0.199992 2.86032 0.83172 1.94648 0.339362 1.23901 3.08235 0.990474 4.98185 0.342829 2.10075 2.52041 0.609884 3.57732 2.08519 4.46647 1.79053 1.62097 3.17848 4.66316 3.54019 1.94242 3.34246 3.62843 4.4399 1.02118 4.32206 4.24893 2.3291 0.455963 3.88562 2.85583 0.410162 4.53002 4.70026 1.97634 1.56817 3.42374 
12 0.81462 0.338515 0.0724369 3.10593 0.876332 2.61487 0.334276 1.19546 3.07124 0.996633 4.88733 0.423015 2.6204 2.14816 1.05284 3.4752 2.08542 4.43831 1.5978 1.96039 3.25433 4.64618 3.60759 1.97169 3.79056 3.74522 3.72164 0.439533 4.73562 4.26922 2.56328 0.2069 4.16116 2.86591 0.674209 4.40374 4.74441 2.04478 1.93844 3.49246 
13 0.416896 0.440012 0.153031 3.19986 0.602875 2.22826 0.293156 1.28594 3.07997 1.01814 4.43629 0.178792 2.64085 2.28286 1.02028 3.18534 1.67926 4.16186 1.31032 1.73388 2.60088 4.329 3.60914 1.85993 3.5775 3.33226 3.49487 0.160761 4.58316 4.07595 2.32628 0.45433 4.14982 2.72367 0.696934 4.45902 4.59957 1.93537 1.94224 2.92129 
14 0.383722 4.98499 4.91487 2.61748 0.984516 2.32057 0.490829 1.37834 2.66289 0.873136 4.54712 0.493302 2.96591 2.24685 1.26146 3.17014 2.05623 4.29656 1.72367 1.70908 3.26695 3.68552 3.56282 0.996881 4.19706 3.44216 3.46235 4.6673 4.6044 4.30677 1.96473 0.327908 3.97146 2.4665 0.702728 3.99948 4.50874 1.43746 2.20485 2.97989 
15 0.347839 0.0391035 0.146281 3.08858 1.17626 2.27147 0.477661 0.987015 2.16722 1.90063 4.58204 0.568455 3.09965 1.88903 1.56525 3.37673 2.69496 4.74712 1.68144 1.03551 2.67357 3.80097 3.15294 0.919199 4.03219 3.53473 3.7199 0.0598793 4.72183 4.05026 1.7799 0.0734591 4.1959 2.37921 0.734269 4.08945 4.58099 1.57531 2.48861 2.87781 
16 0.426581 0.105745 0.951535 3.09427 1.32388 2.20534 0.6211 1.10758 2.50629 1.82164 4.5717 0.966808 3.24434 2.45383 1.74911 3.67498 2.92449 0.441473 1.74893 0.938371 2.6281 4.20636 3.25982 1.35915 3.76029 3.63573 3.88957 0.13199 4.94151 4.24359 1.76066 4.77435 4.04939 2.72017 0.910347 4.24302 4.12794 1.77186 2.46191 2.81376 
17 0.527086 0.0435961 0.65873 3.19701 1.17954 2.00455 0.0559557 2.18649 1.90246 2.45182 0.405177 0.950427 3.33008 2.57263 1.6616 3.72968 3.15911 0.315358 2.27314 0.939072 2.5673 4.0996 2.89649 1.75492 4.01092 3.4089 4.02556 0.0623799 4.76509 4.14761 1.7681 4.81906 4.1472 1.95287 0.834055 4.11233 3.69399 1.02369 2.56151 3.15674 
18 0.245512 0.0790311 0.662162 2.98325 1.20294 1.97755 4.79366 2.26024 2.06875 2.19507 0.923474 1.13617 3.87587 1.90854 1.62347 3.20071 2.90023 0.0809804 2.42992 0.923773 3.14832 3.93789 3.0454 1.5885 4.25602 3.21284 4.06797 0.147595 4.40185 4.24261 1.9344 0.197282 4.6243 1.30472 1.01399 4.61411 3.40584 0.763019 2.90865 3.05519 
19 0.616511 4.46283 0.765131 3.3728 0.9754 1.17183 0.175327 2.06006 1.8095 1.74881 0.614949 0.365206 3.8943 1.62176 1.99767 3.01296 3.64142 4.53325 2.86568 0.537396 3.00046 3.72603 2.95385 1.51484 4.37498 2.46814 4.51608 4.77294 4.68289 3.68872 2.36427 4.8257 4.59743 0.962108 1.59367 4.14239 3.72527 0.589749 3.26495 2.62703 
20 0.912924 3.98081 0.978799 2.96746 0.818407 1.63027 4.79727 2.06648 1.91581 1.7001 0.528712 0.398107 3.90787 1.3547 2.24186 3.10262 3.762 4.45277 3.27469 0.345704 3.22771 3.56543 3.05843 1.69454 4.36719 2.89413 4.73031 4.51973 0.150085 3.47961 2.18513 0.111791 0.0341134 1.14125 1.81957 4.00839 4.41167 0.3626 3.22111 2.56014 
21 1.18439 4.00343 0.883096 3.05571 0.570618 1.79464 4.64641 1.96765 1.52261 2.07801 0.591135 0.366472 3.64127 2.11917 1.76194 3.15114 3.14175 0.0975056 3.09558 1.16666 3.42453 3.7227 2.45017 1.86934 3.99468 2.95421 4.56045 4.2968 0.173409 3.72078 1.60422 4.87533 4.82683 0.911884 2.32676 4.20249 3.99893 0.143546 2.78484 2.88852 
22 0.81064 4.01339 0.735252 2.41753 0.769708 1.55818 4.75198 1.71419 1.8596 2.10954 0.991219 0.679281 3.73189 1.49205 1.71682 3.39628 2.84559 4.85446 3.02275 0.916778 4.08395 3.32247 2.60132 1.69562 4.20175 2.45689 4.88344 4.03189 0.245299 3.21208 0.599359 4.92295 4.54979 0.77112 2.73215 3.83517 3.86509 4.98706 3.05044 2.68627 
23 0.929315 3.72072 1.09613 2.05475 0.679084 0.867946 0.107707 1.71733 2.03053 2.37434 1.63507 0.615137 3.85882 1.63239 1.80732 4.19074 2.42533 0.138214 3.13753 0.797579 3.66071 3.38618 2.8742 1.68479 4.36451 2.4438 4.85773 3.98865 0.26916 2.88809 0.559471 4.85724 4.03083 0.523405 2.83045 4.11546 3.97124 4.53885 2.89644 2.88047 
24 0.900712 3.8595 1.03818 1.87047 0.688735 0.949529 0.139363 1.7088 1.90481 2.63947 2.10118 1.2881 4.24085 2.06069 1.84552 3.9573 2.06453 0.0663286 3.16911 0.618778 3.8667 2.98263 2.93795 1.7263 4.7755 2.83088 4.77132 4.04826 1.08486 2.9692 0.806771 4.95156 4.69692 0.826952 2.79511 3.70454 3.804 4.39005 2.78385 2.72357 
25 1.23908 4.08786 1.0928 1.74926 0.441584 1.11045 0.220806 2.13565 2.00425 2.33872 1.74318 1.17463 3.95302 1.72093 2.15033 4.13753 1.79972 4.96172 3.54799 0.221772 3.60297 2.74055 2.67537 1.20143 4.88589 3.44953 4.75126 4.41289 1.03056 2.71151 0.335471 0.183038 4.59572 0.733585 2.94741 3.45737 3.35759 4.20624 2.85721 2.17433 
26 1.29835 4.95261 1.02286 1.90609 0.664925 0.599052 4.74201 2.25713 2.10948 2.08768 1.76265 1.17024 4.00269 1.34583 1.92077 3.95499 2.90893 4.37708 3.33117 0.558518 3.87189 2.84797 2.72943 1.25057 4.96472 3.68742 4.67906 4.57919 1.51809 2.80068 0.51821 4.46275 4.71644 0.622494 2.9633 3.29442 3.74448 4.20968 3.2555 2.09074 
27 1.66014 0.314512 0.723827 2.3278 0.76808 1.04419 4.86602 1.98519 2.6513 2.03283 1.63445 1.42807 4.19992 1.34695 1.31297 3.11513 2.03938 4.3404 2.94945 4.75796 3.67215 3.38044 3.28792 1.15803 4.80751 3.03602 4.67165 4.19757 2.27096 2.8833 0.855223 4.06629 4.50201 0.100528 2.7525 3.70448 3.74407 4.37321 3.65988 2.42617 
28 1.83212 0.479244 0.759424 2.47046 0.881549 0.0924708 4.79496 1.75659 2.68381 1.80899 1.46295 1.58439 4.43414 0.717337 1.49543 2.86234 1.41481 4.44289 2.88807 0.372415 3.51175 3.29326 3.36712 1.1473 0.0114142 3.06847 4.99842 4.12378 2.43997 2.6861 0.988091 3.65851 3.89112 0.00164176 2.22746 3.73403 3.35896 4.31009 3.74234 2.218 
29 1.93747 0.71957 0.433224 2.08113 1.2321 0.0779062 4.45703 1.85007 2.13887 1.78917 1.19413 1.21885 4.28861 0.805383 2.18914 2.76554 2.18678 4.66011 3.13451 0.133506 3.93144 3.76843 3.00848 1.23269 4.73926 3.30612 0.214486 4.15148 3.05665 2.18709 1.15795 3.35282 4.08984 4.783 2.18004 3.62566 3.11381 4.1127 3.97842 2.73079 
30 1.53582 0.78966 0.545496 2.17019 0.558786 0.126268 4.77824 0.775603 1.66709 1.97652 0.763638 1.25636 3.86786 1.08822 1.6909 2.93425 1.41038 4.82743 2.54369 0.296471 4.36892 3.63053 2.46572 1.49849 0.0102374 2.88949 4.89792 4.39925 3.42372 2.13629 0.884348 3.30671 3.9759 4.66029 1.92262 3.92759 2.96035 4.29599 3.31844 3.23267 
31 1.4002 1.10881 4.28924 2.06783 0.635798 0.413636 4.64732 0.890628 1.55279 2.15613 0.525767 2.07637 3.56153 1.15695 0.977767 3.08421 0.853522 4.40076 2.83412 0.596552 4.19073 4.02215 2.55552 1.49001 4.81262 2.85024 0.0687595 4.71639 3.41864 2.28822 0.339089 3.66123 4.00854 0.0110621 1.77961 3.76882 2.76564 4.59925 3.31475 3.73399 
32 1.14222 0.798623 4.61312 2.31791 0.364178 1.33684 4.10041 1.35091 2.29009 2.87036 1.17814 1.64475 3.30021 1.00642 0.993497 2.55979 0.986107 4.41009 2.06522 0.392281 4.64546 4.49288 2.01413 1.50934 3.98769 2.98418 0.294406 0.23565 2.90937 2.01654 0.0397067 3.28577 3.7305 4.88496 1.75846 3.69156 2.35671 4.4438 3.24611 3.51173 
33 0.826814 0.257917 0.391643 2.13589 0.0869056 1.31815 4.08722 1.10979 2.42817 2.93369 1.07282 1.50913 3.12004 0.80107 1.53196 2.70818 0.943222 4.20533 1.80332 0.359498 4.04015 4.19569 2.12365 1.90912 3.69022 3.08182 4.39641 0.159952 3.19643 2.04587 4.88758 3.89385 3.32035 4.83054 1.90143 3.76649 2.41503 4.5786 3.06464 3.89866 
34 0.827625 0.514217 0.0809923 1.94986 0.0831266 0.973673 4.06952 1.57982 2.254 3.35392 1.17311 1.52183 2.99296 0.681556 1.67968 2.31479 0.691003 4.62714 1.69476 0.626228 4.70713 0.0455873 2.40814 1.48445 4.28471 2.98078 3.90346 0.554732 3.28203 2.06266 4.9981 3.7417 4.04646 4.22225 1.17961 3.40542 3.02785 4.4584 3.43993 3.50329 
35 0.708424 0.144869 4.97989 1.83696 0.587008 1.09444 3.79649 0.907148 2.5658 3.24946 1.2651 1.75936 2.51791 4.68713 2.20247 2.30617 0.855534 4.27408 1.77405 0.138273 4.64102 0.12493 2.5754 0.776708 4.54809 2.90723 3.43596 4.72736 3.07512 1.78874 0.340722 3.35559 4.55349 3.82923 1.50262 3.24998 3.38192 3.81254 3.3466 2.81546 
36 0.498902 4.39578 4.72059 1.5806 0.693617 1.11594 3.58446 1.2936 2.22975 3.80137 0.889984 1.9734 2.59761 4.91342 1.98726 1.84892 1.45346 4.48903 1.60385 0.463592 4.33617 0.650773 2.58769 0.97503 4.67417 2.48473 3.48231 0.405563 2.87704 1.95678 0.358446 3.06093 4.37832 4.36468 1.39687 3.00683 3.2053 4.06944 3.13078 3.15757 
37 0.551395 4.36665 3.78483 1.70331 4.73308 1.65682 2.91303 0.648312 2.56138 3.30578 0.761568 2.0922 2.7612 4.25422 1.6878 2.27563 1.82758 4.10968 0.86906 0.296878 0.0396611 0.788966 2.10378 1.29646 4.91265 2.60174 3.56211 4.82933 2.81503 2.03656 4.60219 3.43022 4.53224 4.84739 0.751449 3.10739 3.60722 3.69715 3.59904 2.65255 
38 0.470803 4.40016 3.78989 1.33641 4.54067 1.79196 1.78726 0.128952 2.15825 3.53273 1.13761 1.94157 2.88787 4.64485 2.05569 2.19278 1.29164 3.90017 0.821331 0.272108 4.86943 0.60889 2.33489 1.16241 0.279928 2.40307 3.67169 0.269517 3.01108 1.89234 4.44764 2.79424 4.43237 4.70516 1.23864 2.93503 3.57211 4.01548 2.98198 3.02816 
39 0.40778 4.48701 2.92869 1.75803 4.24002 2.33193 2.2078 0.043216 2.06863 3.87709 0.637009 1.46453 2.73654 0.850069 1.959 2.21063 1.30992 4.30799 1.03781 0.437956 4.74002 1.49336 1.9189 1.32439 0.370833 2.68303 3.8943 0.825706 2.47736 3.03371 0.000228663 3.59572 4.34714 4.89887 1.19408 3.31878 3.36822 0.0640228 4.01367 3.31315 
40 4.66222 4.69819 2.29262 1.53577 3.67927 2.06711 1.78551 0.0310606 2.01949 4.16108 0.473702 1.39292 2.69449 0.513465 2.60039 2.45974 0.846254 3.90823 0.773762 0.0381526 4.5946 1.60083 1.40523 0.990676 4.58216 2.54841 4.3258 0.563667 2.72471 3.44484 4.94721 3.78536 3.89479 4.32451 1.57729 3.26412 2.92231 4.55709 3.75892 3.23199 
41 4.69097 0.0678489 1.54549 1.4548 3.55711 1.03057 2.03455 4.39175 1.7038 3.28712 0.787669 2.96936 3.00621 4.54547 2.56116 1.63371 1.07199 4.5465 0.62259 1.66287 4.95369 2.59054 1.57484 0.421343 3.94361 2.34851 4.63752 0.994688 2.84422 2.54045 0.293001 4.11381 4.36786 4.18774 2.03133 2.45131 2.70811 3.70562 3.46867 3.2652 
42 0.200382 0.181149 1.06235 1.52992 2.95024 0.129576 2.01815 4.75478 0.821936 3.9124 0.314424 3.1137 2.81891 4.19987 2.08234 1.80719 1.07945 4.79592 0.163959 2.00405 4.25148 3.07188 1.61077 0.67232 3.90431 1.85711 4.5933 0.954138 2.64785 2.75032 4.93562 4.10279 3.94088 4.59344 1.20166 2.75972 1.97177 3.53021 3.41674 3.48778 
43 0.191357 0.441821 0.941556 1.5342 2.80289 0.717781 2.49963 4.78721 0.406125 3.71627 0.123277 2.67566 3.21718 4.1176 2.15356 1.80669 0.910646 4.44408 4.9296 1.66128 4.15242 2.91929 1.65425 0.953081 3.61418 1.58331 4.17046 0.878898 1.78445 2.97411 4.48096 3.86465 4.18401 4.88223 1.00996 2.39202 2.03569 3.98072 2.73415 2.72101 
44 0.158671 0.272531 0.616218 1.39381 2.81986 1.10663 1.87927 4.73728 1.08139 3.54796 4.568 2.74281 3.25926 4.37962 1.96127 1.72517 0.358482 4.33017 4.63755 1.31318 3.67109 2.83333 1.23934 0.530575 3.80302 1.81623 4.04778 0.503106 2.17211 2.60512 4.54559 3.6743 4.15282 4.54991 1.03263 2.33998 2.00488 3.59838 2.85309 3.23815 
45 0.121146 0.0359027 0.524715 1.60082 2.79491 1.13064 2.23275 0.247694 1.37491 3.24037 0.145161 3.12105 3.22336 4.70659 1.69326 1.49452 0.645393 4.06485 4.68609 1.37159 3.86151 2.69862 1.21274 0.452763 3.65362 1.51949 4.11214 0.482396 2.40804 2.28051 3.94787 3.70922 4.79356 4.10083 1.17453 2.30994 1.58237 4.50185 2.69866 3.79224 
46 4.98089 0.340096 0.76862 2.02763 2.79182 0.983251 2.79377 0.124968 1.24764 3.39829 0.464503 2.83848 3.85818 3.79296 1.89375 1.2806 0.463322 3.8963 4.91918 1.37661 4.64665 2.30715 1.25669 0.384926 3.80172 1.61172 3.73639 0.376333 2.61101 2.5379 4.56778 3.29294 4.48592 4.47116 1.63122 2.38268 2.12651 4.52543 2.66806 3.67769 
47 0.32299 0.30657 0.365398 1.32919 2.99788 0.897567 3.21261 4.69174 1.40767 3.66778 0.75162 2.91772 4.02845 3.56255 1.07256 0.727586 0.776676 4.47165 3.79252 1.61675 4.62805 1.91388 1.65496 4.99007 3.4044 2.40502 3.86105 0.640749 2.3087 2.83952 4.55201 2.73596 4.90618 4.00464 1.53828 2.02955 2.24074 4.17831 3.04798 3.53254 
48 0.0347384 4.99712 0.279503 1.08365 2.77306 0.602447 3.3111 4.82127 0.780074 3.47147 1.16439 2.19846 4.12166 4.42551 2.08848 0.0712325 1.06657 4.51288 4.04018 1.2723 3.96796 2.22496 2.38996 4.08318 3.89214 3.14528 4.08812 0.260031 3.04591 2.49752 4.8809 3.06361 4.89004 3.94057 1.90977 1.14937 1.74612 3.52347 3.12313 3.65125 
49 0.03349 4.52233 0.382137 0.472804 2.89334 0.909362 3.0993 4.44494 0.990538 3.75733 0.732048 1.38899 4.07129 4.19404 2.39536 0.154086 1.16018 4.7963 2.98448 2.19886 4.72739 1.63028 2.00147 4.04742 3.86287 2.64476 4.23425 0.110958 2.31106 2.92812 0.620083 2.77964 4.98856 3.61043 1.71443 1.3099 1.4783 2.40595 3.04363 3.48568 
50 4.61107 4.69282 1.03711 0.75551 3.12997 0.955558 2.67135 3.90704 0.663748 3.56501 1.30825 1.62613 3.74117 4.01311 1.95154 0.195166 0.492779 4.4895 3.39525 1.95754 4.72497 0.749491 1.38756 4.4134 4.40529 2.749 3.4643 0.0972844 2.37223 2.4306 0.422186 2.37965 4.81183 3.59204 2.30959 1.48009 1.38083 2.6483 3.33703 3.03387 
